4.899314 1.378602
1.97499 -0.4972
3.241483 1.699126
5.185694 -1.69802
4.373334 -1.347817
-0.773667 -0.783385
-2.60623 -2.657499
3.568431 -0.366697
-5.3711 -0.725131
-5.289451 -2.292767
-2.18407 -2.110792
-0.215141 -1.934352
2.598426 -0.884929
0.642678 -2.601582
-5.201575 -1.246936
-1.388967 -0.417773
2.068002 -1.447606
-3.545087 0.596093
-0.527322 -1.491471
4.710052 2.352974
-0.762031 -2.661871
-4.744849 2.690128
0.11066 -3.655403
-2.603532 -1.278393
0.387861 2.001792
0.228602 1.57699
-1.380273 0.09134
-2.83937 -1.840596
1.928198 0.674879
-2.896949 2.597259
-0.76234 2.89211
-5.912689 1.045599
0.333827 0.276554
5.065221 -1.410449
1.606311 -1.264681
0.616415 3.420714
5.206644 1.168224
0.482068 1.972112
-2.116637 0.232434
-1.692706 0.90132
-0.249781 4.795765
-4.577722 0.974849
5.199755 0.028431
5.242282 -0.141744
0.463803 -1.353008
5.860384 0.788706
4.859647 -1.682862
0.329632 -0.981459
2.105126 -1.430175
5.052761 2.78374
0.673999 1.150168
2.897972 0.150791
-2.268937 -0.176463
1.690166 -0.914615
-1.196143 -0.062658
-0.724875 -1.868834
-2.657733 -2.451858
-5.088459 1.827955
3.186211 -1.358261
0.522681 -2.432041
-2.124055 2.452347
2.445207 -0.803223
-1.519038 -0.162615
-5.012499 -0.367832
-2.299818 -2.866832
-4.602086 0.554217
-5.426089 2.209195
1.050425 -0.777331
4.961965 -0.063308
0.333613 0.401423
0.190746 -2.494712
0.147266 3.078448
2.28176 -0.040006
5.11842 -0.290259
4.596081 0.477207
0.477992 3.840441
-5.020148 1.514487
-4.027259 0.127893
-5.891595 -0.616586
2.78213 -1.783622
-2.561064 -0.112269
-0.747576 2.404169
0.667085 -0.212252
0.013353 1.038034
-5.578405 2.067029
-4.117644 -1.21846
-4.591674 -0.788169
2.20902 -1.687849
-5.63685 0.195765
-0.286582 2.057808
3.625552 -0.077658
3.634213 -0.116943
-4.677992 1.385855
-4.549839 -1.788011
-0.751127 2.333145
3.222501 1.706959
5.242543 1.290632
2.342405 -1.920099
-4.360027 1.73418
-4.559152 -0.504811
0.220437 2.615223
2.106263 1.675715
2.868625 1.480003
2.561527 -2.851906
5.155227 -2.431288
4.778935 1.191673
-5.730965 -0.279366
2.992996 -0.708737
4.718584 -2.512571
-2.640949 -2.728649
-5.597951 0.971103
-2.284831 -0.296272
-4.646316 1.848427
3.705722 0.191173
1.820968 1.286456
3.168659 0.12652
3.148702 1.900887
-2.738403 2.426212
-3.118443 -1.307106
5.413999 1.019248
-0.734025 -1.517727
5.380346 -2.32162
2.625047 1.379735
2.435138 -1.621188
-4.726325 -0.318536
-1.801668 -0.494932
2.953077 -0.94381
-5.402176 1.411501
0.063964 3.930896
2.963246 -0.840009
2.06775 1.072513
4.512775 0.23159
4.35539 -1.733796
-0.65606 -1.116228
-1.184794 0.772083
-4.340056 -0.13978
0.053641 4.362347
-4.342114 -1.69704
-5.181847 0.38203
-5.317535 -0.867661
-4.84865 -2.089373
-3.73399 -0.338286
-5.68474 0.590658
-4.700886 1.703907
4.377154 -2.286143
4.432815 1.895656
4.439219 -0.406739
-5.310499 2.041338
2.764398 -1.05163
-1.966657 1.190808
5.449587 2.288786
-0.725645 -0.71492
3.076742 -2.023468
0.117589 -1.016315
-2.844351 2.209319
4.872579 -0.938828
-4.394396 2.092516
4.868744 -1.469119
-2.784304 -2.661307
-4.84323 -1.28817
2.990133 -2.2699
-2.391122 -1.253879
-0.794851 1.454961
1.673443 1.468975
-2.885853 -2.681715
4.521696 2.282439
1.350083 -0.946399
4.102337 -0.360485
-0.38112 -3.5423
-2.659224 2.696645
-2.561165 0.79284
-0.996261 0.847676
-0.93573 -1.616676
-5.136933 0.144365
-2.136399 -2.00857
2.913979 -2.636292
5.799503 0.736542
-0.49507 2.436135
-0.49995 1.13455
-0.020406 1.893955
2.490026 -2.043232
-3.063593 0.003954
4.4619 0.89487
-0.64111 -1.160055
4.391872 2.184768
2.999444 0.669348
2.997252 0.904098
4.954685 0.864397
-4.951224 -2.190103
-4.837177 1.106453
-5.818343 0.92219
-0.077775 -1.941041
-4.095504 -0.615818
-0.892954 -1.186716
3.217059 1.514433
-2.737786 -1.09301
-0.42322 1.571634
0.098003 1.838608
-5.316715 1.329167
5.164008 -1.6767
-5.17885 -0.215033
3.18465 2.042644
-0.493019 -3.244234
-5.378293 -1.191129
-2.710933 -1.008305
-3.25207 -1.355961
-5.977741 -0.0033
0.179126 -4.122266
5.737969 -0.103538
-0.44595 0.559928
5.807647 1.394719
4.690975 1.582554
-2.343486 0.391906
3.784907 0.214269
0.931733 0.245761
0.74764 3.264017
3.312608 -0.201062
5.406456 -0.505679
0.172524 1.684946
-1.259925 -0.808217
-1.845636 2.222575
-1.46127 0.447882
-3.126929 -2.186122
-3.175444 -0.327951
-0.803532 1.69816
5.086591 0.106253
-1.98454 1.330043
5.543414 -0.694419
-0.30552 -3.600435
-3.678791 -0.122603
4.933562 -1.017032
4.536039 2.352151
0.293593 4.702835
-0.159005 -0.19375
2.507871 1.013215
0.423091 2.691424
1.372872 -0.429324
4.713926 -0.206959
-3.429526 0.441544
4.137992 -1.096057
0.678373 1.485173
-1.883497 -1.941136
5.595385 1.896793
-0.120041 -4.649033
-0.232506 2.29842
0.126408 -1.761651
-3.02518 -1.744193
2.782818 1.522442
-0.506474 -2.55335
-5.656397 -0.21696
2.169744 -1.284659
4.844292 -0.138462
2.780242 -2.157998
-2.074925 2.376271
-2.46597 2.563181
-2.447806 0.810776
-0.339047 4.295061
-4.108324 -0.458659
5.668425 1.869146
1.587093 -0.624774
5.061615 1.018862
0.147236 3.361945
5.039997 0.972011
-5.542656 1.358389
-1.30949 -0.894229
-5.142511 -1.767399
-2.994982 0.451535
-2.296419 -1.052445
1.515091 -0.612661
0.593391 -1.975659
-0.284032 2.981023
-5.419671 -2.569076
0.791074 0.473709
-1.27685 -0.156153
3.134521 1.653332
-3.227037 -0.499662
0.045299 -3.793301
-1.407276 -0.37917
3.347747 1.275978
-2.715626 -1.252593
1.679989 -1.192133
-3.165632 1.842344
-1.066857 -0.471312
2.820846 2.179167
-3.398297 -0.508787
5.472826 1.1898
4.629411 1.234405
-0.587769 2.540661
-2.900036 -1.335914
-2.648141 -0.272557
-5.567003 -1.277349
-4.562742 1.049555
4.593822 0.529515
-2.045828 -0.28379
0.222171 4.808094
5.123077 -1.359166
-0.483009 -1.848113
-2.156777 -1.154038
-4.875 1.263581
0.249087 -0.34991
5.666469 1.385195
4.801965 -0.776718
-1.787644 -0.727397
-0.8493 0.441567
4.587361 -0.989776
-0.265514 0.770876
-0.543224 1.7272
-0.310233 2.163572
-2.556804 1.932167
4.541745 -0.276637
5.860344 0.885997
0.180683 -1.937595
-0.407196 2.005067
5.541067 -1.012648
-5.742349 -1.716275
3.761466 0.309999
-0.096211 -2.265403
-0.414419 2.903426
-0.673673 -2.642266
-0.310194 0.343997
-4.219985 -1.429129
-3.049543 -1.71986
0.573462 -2.256258
-1.61698 -1.323584
4.855663 2.25584
0.218379 2.6898
4.981078 1.149611
-5.378164 -0.253662
4.479636 -1.440639
-0.227724 -4.440373
2.957671 -0.012897
-3.260102 1.275904
-3.045868 0.250057
1.845769 -0.183866
2.586671 1.27768
0.87196 1.490372
3.058942 1.177018
-0.300964 -3.456821
5.535116 0.071639
-0.379092 -4.582303
-5.352026 2.377667
1.02064 0.821092
2.437877 0.18351
-4.599603 2.625452
-5.450585 -2.348573
0.157114 2.197798
-2.600204 -2.51521
4.643734 -0.497828
-3.665498 -0.296885
-1.25626 0.542435
4.472865 -0.081517
5.272904 1.019733
-0.22824 -4.013365
0.114492 3.156809
-4.462843 2.209259
3.045015 -1.694102
-0.002548 1.94617
-2.549998 -2.829796
1.293485 -0.095354
-0.411016 0.229774
1.774244 0.984838
-0.531715 3.501643
-2.441717 -2.050994
-4.727424 0.629665
2.385745 -0.424411
-5.645254 1.215341
-4.57464 -0.635771
-5.436025 0.797808
2.072735 -1.759664
-2.964699 1.920618
-0.231495 -2.853552
5.374608 1.389907
5.840122 -0.232971
-5.075398 0.311974
-0.605086 -3.385663
2.846275 1.270372
5.556147 -2.481714
5.727454 0.996815
-4.916467 -0.066862
-4.782499 -0.187639
-0.560246 0.814464
-2.30932 -2.009496
1.747639 1.624235
-1.956424 -0.758877
-5.937675 0.368225
-2.816811 -0.4973
2.105169 -0.65158
4.053887 -0.259843
4.843839 -1.062443
1.233856 0.838986
2.840467 0.099302
1.160249 0.290409
2.562602 -0.789892
5.227198 1.90612
0.587709 -3.980293
-2.687745 1.338656
4.594157 0.874909
-0.093639 -3.129054
-2.392092 -1.567042
-3.851626 -0.248964
-2.714294 2.896067
4.591658 -0.22058
-5.118263 0.127202
-2.434844 0.239936
-5.684693 0.606734
-0.252976 4.163323
0.412347 -0.16039
-3.465868 0.717249
-0.152314 3.33901
-2.527062 1.789698
-0.167122 1.926335
0.822228 -1.557955
2.845422 -0.504484
-0.383039 -0.66084
3.163278 -0.75243
-1.436756 0.232793
5.539647 -0.896129
-3.029754 -0.075237
0.101721 -2.639096
0.030739 -2.795395
0.550468 3.845841
1.971623 -2.062352
4.998108 2.571922
3.667808 -0.077594
-4.540525 1.907545
-2.109277 -1.289688
-4.31826 -0.540432
-0.8153 -1.399382
-5.802502 0.819496
2.504396 2.139697
-0.036266 3.260093
4.586543 -0.009585
-4.515518 0.538738
4.809245 -1.39164
5.056004 -2.702681
2.137398 2.576498
-0.115363 -1.794354
-5.252487 1.40101
-3.929668 -0.213878
0.135874 3.59051
5.090466 -1.076923
2.585253 -0.007425
2.183067 1.404914
5.842076 -0.106131
0.683672 3.412362
4.352433 0.44406
0.38947 -4.181955
5.862137 -0.748947
5.651828 1.098573
-0.155513 2.531432
0.188943 4.62427
-1.161627 -0.062693
1.255437 -0.599049
-1.862011 1.208
0.628445 -0.202305
4.601248 2.449413
4.460041 -1.541811
-0.498264 -1.133779
4.911299 0.433988
2.989791 1.043357
0.578723 2.521794
-4.172781 -0.832007
-0.552834 0.747253
4.181811 0.309553
-2.849413 -0.975675
5.986128 0.326875
-2.382026 0.301929
0.604077 0.48364
-2.286138 0.114207
2.733136 -1.222987
-2.8602 -0.667403
0.454979 3.560419
-1.529435 -0.461758
3.043997 0.62433
2.760817 -1.759648
-2.139083 2.390149
-0.858212 -2.30095
-0.394491 2.050031
-0.184248 2.461485
0.117667 3.482586
0.108364 -0.319127
-2.344904 -0.28616
-0.197469 0.194846
1.044785 -0.404863
0.228558 4.389321
2.425913 -1.298395
-5.011322 -1.661488
-0.833425 1.985139
-0.424341 1.637547
4.604988 0.063097
2.227066 0.281335
0.297422 -2.159703
2.67296 -2.281696
4.462814 -2.438093
5.731341 -1.330975
4.869701 -0.25778
2.968832 -0.649232
0.426636 -2.25859
2.768582 0.442792
3.407725 -1.052955
-4.486707 -2.286315
5.872077 -0.076012
4.31237 -1.414072
-3.214174 0.261724
-0.597669 -2.317852
5.053233 0.447592
1.386898 0.355834
1.707112 -1.245477
1.882669 0.008775
0.296724 -2.808276
-0.211896 -3.582988
-3.529822 0.154959
0.743087 -1.616862
-3.301928 -1.778464
4.637226 1.637338
-4.110059 -1.067398
3.001065 -2.398316
-0.587834 0.360676
4.568756 0.755305
4.721228 2.423508
-2.962367 -2.457879
-0.459207 -3.082396
-1.182971 0.94492
2.102942 2.166833
-2.645886 -1.435035
-0.629233 -0.197247
5.435002 -0.19817
-0.590339 -3.632421
2.983337 -2.3855
0.377229 -4.403718
-5.528331 2.322217
4.891931 -2.248027
-4.237813 -0.345468
0.831605 2.617871
-5.53744 -1.350661
5.39969 -0.986842
-2.816498 -2.319051
1.096603 0.04194
1.996636 -1.946269
1.004615 0.778002
4.078233 -0.938034
0.207191 2.259598
2.909517 -1.411171
-1.836308 -1.835649
0.192902 -1.899945
4.68744 -0.859342
-0.288463 -3.452862
-4.913683 -0.421943
-0.301635 -4.229931
0.392186 -3.721858
-3.082039 -1.031649
1.92299 0.190632
-4.434986 1.709912
-2.134124 1.52235
5.152943 2.372734
-2.42915 2.401513
1.73164 -0.179502
-4.218056 0.38041
-2.94295 -2.046672
0.578548 0.899825
2.027125 -2.352949
-2.209291 2.81659
4.797892 -2.933195
3.885022 -0.417965
-1.46668 0.966635
0.366355 2.947609
-1.784102 -0.521485
-5.068563 1.465162
-0.626298 -2.133911
-2.0568 0.54291
2.865274 -0.199654
4.057703 0.959877
-0.793614 -0.906964
0.275327 -4.099176
-0.929594 -1.563823
2.35536 1.490218
-1.061323 0.434844
-5.552344 -1.596453
-5.328339 1.346161
5.149813 2.533302
5.65929 0.19781
5.872073 0.037733
0.87349 -2.060128
-1.605029 -0.226468
3.070466 1.249836
-0.373297 -0.992079
3.555352 0.313219
-4.250852 -1.495262
-2.301469 2.767086
1.113979 0.495452
-2.127434 1.563926
-5.503752 1.952594
1.122076 -0.647294
4.971514 1.65161
4.35918 -0.04155
3.818861 -0.168453
-4.768307 0.42682
1.909863 1.216964
3.217279 -1.804997
-2.96698 0.501222
5.951407 0.153195
-1.571529 -0.975687
-1.420335 -0.195645
-2.313695 -1.467373
5.244273 -1.810421
4.993359 -2.438402
-2.554166 1.004896
4.799359 -1.554754
0.552488 1.893225
-2.716965 1.907222
0.192499 -3.430414
-4.340083 2.149987
0.807712 -1.112427
0.880055 1.607893
5.254167 1.242455
0.637788 2.149506
4.749478 -2.720209
5.717393 -1.925359
-5.827521 0.178798
-5.167229 1.389049
0.363721 -1.989113
0.442504 -2.817348
-0.572641 1.572435
4.028628 -0.340059
-0.67156 -1.238513
2.18443 -2.381032
5.059488 -0.574416
-5.069567 -2.626688
2.96471 0.233369
5.599957 -0.391656
5.524008 -0.27069
3.699439 0.314665
-1.888628 0.440752
-5.624533 -1.497811
-0.349788 4.159545
-2.477058 -2.512342
1.819908 -1.56093
3.11411 -1.764105
-1.662137 0.394589
1.611033 0.02051
-1.377573 -0.347932
-0.151322 -4.374876
2.256139 0.582536
-2.164011 -1.404584
-5.857547 0.180052
5.543426 -0.650144
0.028109 3.971447
-2.455261 -2.867421
0.401271 1.485994
-0.509861 -0.504288
1.108855 0.34431
2.068013 -1.197883
0.802032 0.983303
4.735383 1.944523
0.387896 -2.255138
5.633672 -0.714567
-4.781082 -0.267432
-0.527897 -3.533398
-5.553512 2.015798
2.638165 1.852154
0.423449 -4.39811
2.007897 -2.366567
-0.365872 4.559056
1.472689 -0.637086
0.246524 -4.414595
-4.858488 -2.541972
5.122784 2.172762
-5.872564 -0.757112
4.053115 -0.569821
-5.479253 -1.470819
-0.879818 0.680305
4.283051 0.918294
2.54708 0.275237
5.354185 -2.289656
5.209066 -0.92659
0.32718 0.128173
1.064197 -0.971445
-5.038543 1.235078
0.047782 3.766747
-2.264009 2.347381
5.377766 2.394326
3.406775 0.339765
5.401068 -1.082867
2.44047 1.196865
2.943372 2.011862
2.967992 1.771477
-0.174612 1.634357
0.729161 -2.741061
-5.163192 -2.539984
0.19151 -0.174095
3.178206 1.570195
-1.430143 -0.334464
-1.648031 -1.479912
-5.197271 -0.224273
5.937708 0.429585
4.146572 -0.316794
1.628042 0.622531
-0.9464 0.40288
4.879667 0.818429
-1.950823 -2.322835
4.859124 -2.030698
3.250291 -1.30537
4.918572 -1.889596
-2.230966 -1.237407
0.817489 -1.01948
-1.612487 -0.519492
2.397909 -1.029167
2.246879 -1.939263
-2.443415 -2.222543
-1.735912 0.491589
-4.234906 -0.203301
4.862102 0.514462
0.23855 3.184524
2.922612 -1.63894
2.560505 2.652693
5.539767 0.514033
-0.374948 -0.970513
4.691401 -0.129248
-2.10104 -2.659495
1.061226 -0.218494
0.095674 4.030248
0.237449 -2.125838
0.221261 1.926539
-2.534319 -1.184997
0.26049 4.456511
-3.419094 -0.751099
5.802405 -1.037926
0.673187 2.678725
0.783621 -0.844203
-4.762242 -1.907737
0.054213 1.479398
-5.412199 1.620599
-0.129661 1.004777
-2.095046 1.713772
-1.96222 1.490792
2.151146 -2.240716
-4.636708 -1.723242
-1.028517 -0.867903
4.297441 0.746893
0.110982 2.251041
5.333489 -1.7395
3.276514 -1.809556
-2.231677 1.644568
3.875552 0.307041
-5.423428 -1.734318
4.23574 1.02513
1.35301 -0.422809
0.34754 -2.295216
2.46716 -1.422467
-1.776916 -0.024085
4.960179 0.870362
2.624533 -1.076817
-0.09303 1.767247
0.203488 0.884183
0.041476 -1.370087
3.324045 -0.96759
2.485718 -1.901613
2.432659 2.079992
2.665197 -1.671427
-5.630188 -0.02611
2.571076 -0.817481
-4.211594 1.229121
-2.532435 -2.925589
-0.077156 -0.490219
1.304862 -0.907158
-2.700728 -2.896379
-4.467976 -2.275107
-2.829711 0.482177
-1.178921 0.006159
-0.303694 1.835325
-5.184915 2.922903
-3.561615 -0.729263
4.970244 1.012371
0.112527 -0.048032
2.154866 0.684448
-0.229219 -0.825686
0.552347 -3.54413
1.342222 -0.065621
-0.817355 0.398588
-5.577442 -0.446587
0.475464 -3.764088
-5.257521 -0.668733
0.197296 -3.168695
-0.474827 1.64725
-1.799836 1.125529
0.589664 -0.979829
2.03216 0.453938
0.32236 -1.197688
2.486256 2.53908
3.818467 -0.3287
-0.734778 -2.249596
2.72911 -1.279959
2.68197 1.68642
-0.478966 2.651297
-5.607481 -0.193981
5.19675 -0.20401
1.928793 -1.042087
-5.899393 0.303601
-5.402148 -1.06565
4.675977 1.608972
-2.663475 1.837611
-5.394841 -0.589649
4.276184 1.434458
-5.830624 1.516043
-2.783332 2.03422
0.114134 -0.183279
3.321112 0.961018
3.462369 0.012233
5.74052 -0.599448
4.485994 1.06345
-4.119319 0.474837
0.838485 1.201329
0.613478 -3.000334
-0.700013 -2.752398
-0.647498 1.392382
-3.051849 -2.47381
-0.249845 -2.812139
-2.123776 -2.368459
3.207805 -1.795854
0.452976 -0.552098
-5.282359 2.741088
5.894713 0.389558
5.623496 -0.422621
2.487464 -2.539701
-2.683402 1.424322
0.88474 0.98714
0.080592 2.567767
3.686697 -0.515992
-5.276558 0.094999
2.723455 0.24564
-2.889602 2.111737
5.056085 -1.447997
0.465803 0.657538
4.676591 2.049555
5.115046 1.049845
5.14824 1.009954
-4.359051 1.691717
4.981749 -1.861083
-0.220508 -4.308363
4.590507 -0.100526
-0.868989 -0.723568
-4.285111 -1.537222
1.976876 -1.837164
-2.887326 -1.245243
3.722982 -0.619221
2.696219 1.323928
2.050144 2.498114
4.557111 2.521401
0.717711 2.586864
2.967992 -1.43961
-1.981688 -2.522632
-2.422391 -2.848519
3.521108 -0.110583
-1.205136 -0.426615
0.09321 -3.487931
2.973412 1.302716
0.21771 1.654819
2.261376 1.888221
0.844442 0.975177
-4.260856 0.82549
0.287464 -1.057702
0.32545 -1.290385
2.809638 1.477017
-4.081951 -1.182658
-4.86305 1.93651
-1.668163 -1.258929
1.21368 0.409919
-0.42621 1.333085
0.236328 -3.714924
-2.693455 -0.636868
2.695081 0.120215
5.11816 1.558873
2.432829 0.286236
-5.004588 -2.925406
-5.442115 1.370373
2.772099 -1.007271
5.250296 -1.597611
-3.74553 0.668819
3.596866 0.557359
3.69436 -0.040778
1.504579 -0.607363
-5.154095 -0.975549
-5.23314 -2.236054
-0.20696 -4.12631
-1.744701 -0.115164
-3.631175 -0.791177
-5.371196 -0.950931
0.337779 0.833292
1.772772 -0.194785
5.050216 -2.427505
-3.655193 0.099659
-2.051719 1.729029
2.455741 -2.659663
-0.259459 -4.42287
1.927197 1.962185
-5.029704 -1.159214
3.675199 0.676814
-1.412571 0.965779
5.424245 -0.16158
-4.714093 -2.652284
1.384093 -0.168344
-0.594728 -1.948105
0.878446 -1.778773
1.408327 -0.878573
0.312698 -0.924165
-0.263079 -1.696547
-0.67693 -0.308947
-5.095472 1.742427
-5.256132 1.128882
-4.731689 -1.102352
4.457862 0.350159
4.373278 0.67859
4.828968 -2.924172
2.351633 2.409478
4.428421 -0.836738
-4.575484 -2.570278
-2.021949 2.044993
4.615681 -2.739288
-1.996008 -2.550083
-4.303288 1.601748
-4.717688 2.719303
5.751305 -0.248044
-5.660025 -1.177958
-0.421515 2.387924
-4.193753 0.535951
-1.078537 -0.404673
2.609768 -1.199352
0.229352 1.967201
0.29737 -2.745947
-2.425998 -1.747349
-2.03162 1.602486
-2.639172 2.435362
0.644412 -0.881521
4.930977 1.837498
-0.828875 0.224115
-0.110727 0.358233
-5.226388 -1.878821
3.119914 0.013159
-2.835546 1.185975
1.780214 -1.742265
0.673076 -2.654625
0.385565 -4.01308
-4.9839 -0.3171
5.054319 2.213627
2.359907 0.473508
-3.042796 -1.958714
0.275132 -1.687358
2.775241 -2.876426
-4.646643 0.684618
-5.514551 -0.489892
0.231517 0.889125
-2.100821 -1.265602
-1.066102 -0.43972
2.398655 0.261234
-5.119682 0.030798
-5.497033 1.995142
3.941933 -0.179137
5.065046 -2.669429
-3.001451 -1.383466
4.945207 -2.89064
-4.259748 0.027995
0.639343 0.194608
-1.969178 0.911923
5.609808 -0.980467
0.786298 -2.346292
0.765079 0.834193
-4.181703 -0.664626
-2.346162 -0.550384
2.312675 -1.529383
0.173224 4.178816
-0.096845 -3.582444
5.220883 1.044423
5.509818 1.935488
-4.433817 -2.390608
-0.410231 -3.244537
-4.783189 0.500757
-1.566462 1.010738
-0.391987 -2.217745
-0.7811 -0.872076
5.10236 2.300734
-2.581271 -0.837382
-2.345117 0.320954
1.402112 -0.421163
4.415582 0.047958
5.270149 2.50736
-0.515339 -2.942365
2.78346 -0.995261
-2.711285 -0.207967
3.565758 -0.294294
-0.816321 -1.942327
5.181798 1.37056
-5.428654 -2.192255
-0.326796 -2.432871
-2.342648 1.764178
-2.417515 1.900171
0.758484 -3.247257
-4.767651 1.896419
4.611642 0.388957
0.581765 3.730626
2.696263 -2.756179
